(kicad_pcb (version 20190331) (host pcbnew "5.1.0-unknown-03bce55~94~ubuntu16.04.1")

  (general
    (thickness 1.6)
    (drawings 4)
    (tracks 0)
    (modules 118)
    (nets 148)
  )

  (page "A4")
  (layers
    (0 "F.Cu" signal)
    (31 "B.Cu" signal)
    (32 "B.Adhes" user)
    (33 "F.Adhes" user)
    (34 "B.Paste" user)
    (35 "F.Paste" user)
    (36 "B.SilkS" user)
    (37 "F.SilkS" user)
    (38 "B.Mask" user)
    (39 "F.Mask" user)
    (40 "Dwgs.User" user)
    (41 "Cmts.User" user)
    (42 "Eco1.User" user)
    (43 "Eco2.User" user)
    (44 "Edge.Cuts" user)
    (45 "Margin" user)
    (46 "B.CrtYd" user)
    (47 "F.CrtYd" user)
    (48 "B.Fab" user)
    (49 "F.Fab" user)
  )

  (setup
    (last_trace_width 0.25)
    (trace_clearance 0.2)
    (zone_clearance 0.508)
    (zone_45_only no)
    (trace_min 0.2)
    (via_size 0.8)
    (via_drill 0.4)
    (via_min_size 0.4)
    (via_min_drill 0.3)
    (uvia_size 0.3)
    (uvia_drill 0.1)
    (uvias_allowed no)
    (uvia_min_size 0.2)
    (uvia_min_drill 0.1)
    (edge_width 0.05)
    (segment_width 0.2)
    (pcb_text_width 0.3)
    (pcb_text_size 1.5 1.5)
    (mod_edge_width 0.12)
    (mod_text_size 1 1)
    (mod_text_width 0.15)
    (pad_size 1.524 1.524)
    (pad_drill 0.762)
    (pad_to_mask_clearance 0.051)
    (solder_mask_min_width 0.25)
    (aux_axis_origin 0 0)
    (visible_elements FFFFFF7F)
    (pcbplotparams
      (layerselection 0x010fc_ffffffff)
      (usegerberextensions false)
      (usegerberattributes false)
      (usegerberadvancedattributes false)
      (creategerberjobfile false)
      (excludeedgelayer true)
      (linewidth 0.100000)
      (plotframeref false)
      (viasonmask false)
      (mode 1)
      (useauxorigin false)
      (hpglpennumber 1)
      (hpglpenspeed 20)
      (hpglpendiameter 15.000000)
      (psnegative false)
      (psa4output false)
      (plotreference true)
      (plotvalue true)
      (plotinvisibletext false)
      (padsonsilk false)
      (subtractmaskfromsilk false)
      (outputformat 1)
      (mirror false)
      (drillshape 1)
      (scaleselection 1)
      (outputdirectory ""))
  )

  (net 0 "")
  (net 1 "Net-(BT1-Pad1)")
  (net 2 "Earth")
  (net 3 "/ADS1292R/DVDD")
  (net 4 "/SUPPLY/AVSS")
  (net 5 "/ADS1292R/AVDD")
  (net 6 "/ADS1292R/IN2P")
  (net 7 "/ADS1292R/IN2N")
  (net 8 "+3.3V_MCU")
  (net 9 "/OMEGA2/RST_BTN")
  (net 10 "+5V")
  (net 11 "+3.3V_OM")
  (net 12 "/STM32/VDDA")
  (net 13 "Net-(CON1-Pad1)")
  (net 14 "Net-(D4-Pad1)")
  (net 15 "Net-(D5-Pad1)")
  (net 16 "/STM32/LED1")
  (net 17 "/STM32/LED2")
  (net 18 "Net-(D2-Pad1)")
  (net 19 "/BLUETOOTH/AIO0")
  (net 20 "/BLUETOOTH/AIO1")
  (net 21 "/BLUETOOTH/AIO2")
  (net 22 "/BLUETOOTH/PIO3")
  (net 23 "/BLUETOOTH/PIO4")
  (net 24 "/BLUETOOTH/PIO8")
  (net 25 "/BLUETOOTH/PIO7")
  (net 26 "/BLUETOOTH/PIO9")
  (net 27 "/BLUETOOTH/PIO10")
  (net 28 "/BLUETOOTH/PIO11")
  (net 29 "/STM32/PC0")
  (net 30 "/STM32/PC1")
  (net 31 "/STM32/PC2")
  (net 32 "/STM32/PC3")
  (net 33 "/STM32/PC4")
  (net 34 "/STM32/PC5")
  (net 35 "/STM32/PC6")
  (net 36 "/STM32/PC7")
  (net 37 "/STM32/PC8")
  (net 38 "/STM32/PC9")
  (net 39 "/STM32/PC10")
  (net 40 "Net-(MOD1-Pad25)")
  (net 41 "/BLUETOOTH/Bluetooth_TX")
  (net 42 "/STM32/UART1_TX")
  (net 43 "/STM32/UART_RTS")
  (net 44 "/BLUETOOTH/Bluetooth_RTS")
  (net 45 "Net-(MOD1-Pad20)")
  (net 46 "Net-(MOD1-Pad21)")
  (net 47 "Net-(MOD1-Pad22)")
  (net 48 "/STM32/BL_WAKE")
  (net 49 "/OMEGA2/SPI_OM_1")
  (net 50 "/OMEGA2/SPI_OM_2")
  (net 51 "/OMEGA2/SPI_CS")
  (net 52 "/OMEGA2/USB_D+")
  (net 53 "/OMEGA2/USB_D-")
  (net 54 "/OMEGA2/BOOT0")
  (net 55 "/OMEGA2/BOOT1")
  (net 56 "/STM32/A_CLKSEL")
  (net 57 "/STM32/A_PWDN")
  (net 58 "/STM32/A_START")
  (net 59 "/STM32/A_CLK")
  (net 60 "/ADS1292R/SPI_ADS3")
  (net 61 "/ADS1292R/SPI_ADS2")
  (net 62 "/STM32/A_DRY")
  (net 63 "Net-(U2-Pad16)")
  (net 64 "Net-(U2-Pad14)")
  (net 65 "/OMEGA2/USART_TX")
  (net 66 "/STM32/UART2_TX")
  (net 67 "/OMEGA2/JTAG_OM5")
  (net 68 "/OMEGA2/JTAG_OM4")
  (net 69 "/OMEGA2/JTAG_OM2")
  (net 70 "/OMEGA2/JTAG_OM1")
  (net 71 "/OMEGA2/JTAG_OM0")
  (net 72 "/OMEGA2/I2C_OM0")
  (net 73 "Net-(U2-Pad20)")
  (net 74 "Net-(U2-Pad21)")
  (net 75 "Net-(U2-Pad22)")
  (net 76 "Net-(U2-Pad23)")
  (net 77 "Net-(U2-Pad24)")
  (net 78 "Net-(U2-Pad25)")
  (net 79 "/STM32/SPI1_U2")
  (net 80 "/STM32/SPI1_U0")
  (net 81 "/STM32/SPI2_U3")
  (net 82 "/STM32/SPI2_U2")
  (net 83 "/STM32/SPI2_U1")
  (net 84 "/STM32/JTAG0")
  (net 85 "/STM32/TCK")
  (net 86 "/STM32/JTAG2")
  (net 87 "/STM32/I2C1_SCL")
  (net 88 "/STM32/I2C_U1")
  (net 89 "Net-(C3-Pad1)")
  (net 90 "Net-(C6-Pad1)")
  (net 91 "Net-(C10-Pad1)")
  (net 92 "Net-(C11-Pad2)")
  (net 93 "Net-(C11-Pad1)")
  (net 94 "Net-(C12-Pad1)")
  (net 95 "Net-(C12-Pad2)")
  (net 96 "Net-(C13-Pad2)")
  (net 97 "Net-(C13-Pad1)")
  (net 98 "Net-(C14-Pad2)")
  (net 99 "Net-(C14-Pad1)")
  (net 100 "Net-(C15-Pad1)")
  (net 101 "Net-(C15-Pad2)")
  (net 102 "Net-(C16-Pad1)")
  (net 103 "Net-(C17-Pad1)")
  (net 104 "Net-(C18-Pad1)")
  (net 105 "Net-(C19-Pad1)")
  (net 106 "Net-(C24-Pad1)")
  (net 107 "Net-(C37-Pad1)")
  (net 108 "Net-(C39-Pad1)")
  (net 109 "Net-(C43-Pad2)")
  (net 110 "Net-(C44-Pad1)")
  (net 111 "Net-(C45-Pad2)")
  (net 112 "Net-(C46-Pad1)")
  (net 113 "Net-(C47-Pad2)")
  (net 114 "Net-(C48-Pad2)")
  (net 115 "/STM32/NRST")
  (net 116 "Net-(D2-Pad2)")
  (net 117 "Net-(D3-Pad1)")
  (net 118 "Net-(J2-Pad2)")
  (net 119 "Net-(J2-Pad3)")
  (net 120 "Net-(J5-Pad3)")
  (net 121 "Net-(L1-Pad2)")
  (net 122 "Net-(L1-Pad3)")
  (net 123 "Net-(R2-Pad2)")
  (net 124 "Net-(R5-Pad2)")
  (net 125 "Net-(R10-Pad2)")
  (net 126 "Net-(R11-Pad2)")
  (net 127 "/OMEGA2/SPI_OM_0")
  (net 128 "Net-(R15-Pad1)")
  (net 129 "Net-(R16-Pad1)")
  (net 130 "Net-(R17-Pad1)")
  (net 131 "Net-(R18-Pad1)")
  (net 132 "/ADS1292R/SPI_MOSI")
  (net 133 "/ADS1292R/SPI_ADS1")
  (net 134 "Net-(U1-Pad25)")
  (net 135 "Net-(U1-Pad26)")
  (net 136 "/OMEGA2/TDO")
  (net 137 "/OMEGA2/I2C_OM1")
  (net 138 "Net-(U6-Pad2)")
  (net 139 "/STM32/SPI1_NSS")
  (net 140 "/STM32/SPI1_MISO")
  (net 141 "Net-(U6-Pad29)")
  (net 142 "/STM32/SPI2_MOSI")
  (net 143 "Net-(U6-Pad52)")
  (net 144 "Net-(U6-Pad53)")
  (net 145 "Net-(U6-Pad54)")
  (net 146 "/STM32/TDO")
  (net 147 "/STM32/TRST")

  (net_class "Default" "This is the default net class."
    (clearance 0.2)
    (trace_width 0.25)
    (via_dia 0.8)
    (via_drill 0.4)
    (uvia_dia 0.3)
    (uvia_drill 0.1)
    (add_net "+3.3V_MCU")
    (add_net "+3.3V_OM")
    (add_net "+5V")
    (add_net "/ADS1292R/AVDD")
    (add_net "/ADS1292R/DVDD")
    (add_net "/ADS1292R/IN2N")
    (add_net "/ADS1292R/IN2P")
    (add_net "/ADS1292R/SPI_ADS1")
    (add_net "/ADS1292R/SPI_ADS2")
    (add_net "/ADS1292R/SPI_ADS3")
    (add_net "/ADS1292R/SPI_MOSI")
    (add_net "/BLUETOOTH/AIO0")
    (add_net "/BLUETOOTH/AIO1")
    (add_net "/BLUETOOTH/AIO2")
    (add_net "/BLUETOOTH/Bluetooth_RTS")
    (add_net "/BLUETOOTH/Bluetooth_TX")
    (add_net "/BLUETOOTH/PIO10")
    (add_net "/BLUETOOTH/PIO11")
    (add_net "/BLUETOOTH/PIO3")
    (add_net "/BLUETOOTH/PIO4")
    (add_net "/BLUETOOTH/PIO7")
    (add_net "/BLUETOOTH/PIO8")
    (add_net "/BLUETOOTH/PIO9")
    (add_net "/OMEGA2/BOOT0")
    (add_net "/OMEGA2/BOOT1")
    (add_net "/OMEGA2/I2C_OM0")
    (add_net "/OMEGA2/I2C_OM1")
    (add_net "/OMEGA2/JTAG_OM0")
    (add_net "/OMEGA2/JTAG_OM1")
    (add_net "/OMEGA2/JTAG_OM2")
    (add_net "/OMEGA2/JTAG_OM4")
    (add_net "/OMEGA2/JTAG_OM5")
    (add_net "/OMEGA2/RST_BTN")
    (add_net "/OMEGA2/SPI_CS")
    (add_net "/OMEGA2/SPI_OM_0")
    (add_net "/OMEGA2/SPI_OM_1")
    (add_net "/OMEGA2/SPI_OM_2")
    (add_net "/OMEGA2/TDO")
    (add_net "/OMEGA2/USART_TX")
    (add_net "/OMEGA2/USB_D+")
    (add_net "/OMEGA2/USB_D-")
    (add_net "/STM32/A_CLK")
    (add_net "/STM32/A_CLKSEL")
    (add_net "/STM32/A_DRY")
    (add_net "/STM32/A_PWDN")
    (add_net "/STM32/A_START")
    (add_net "/STM32/BL_WAKE")
    (add_net "/STM32/I2C1_SCL")
    (add_net "/STM32/I2C_U1")
    (add_net "/STM32/JTAG0")
    (add_net "/STM32/JTAG2")
    (add_net "/STM32/LED1")
    (add_net "/STM32/LED2")
    (add_net "/STM32/NRST")
    (add_net "/STM32/PC0")
    (add_net "/STM32/PC1")
    (add_net "/STM32/PC10")
    (add_net "/STM32/PC2")
    (add_net "/STM32/PC3")
    (add_net "/STM32/PC4")
    (add_net "/STM32/PC5")
    (add_net "/STM32/PC6")
    (add_net "/STM32/PC7")
    (add_net "/STM32/PC8")
    (add_net "/STM32/PC9")
    (add_net "/STM32/SPI1_MISO")
    (add_net "/STM32/SPI1_NSS")
    (add_net "/STM32/SPI1_U0")
    (add_net "/STM32/SPI1_U2")
    (add_net "/STM32/SPI2_MOSI")
    (add_net "/STM32/SPI2_U1")
    (add_net "/STM32/SPI2_U2")
    (add_net "/STM32/SPI2_U3")
    (add_net "/STM32/TCK")
    (add_net "/STM32/TDO")
    (add_net "/STM32/TRST")
    (add_net "/STM32/UART1_TX")
    (add_net "/STM32/UART2_TX")
    (add_net "/STM32/UART_RTS")
    (add_net "/STM32/VDDA")
    (add_net "/SUPPLY/AVSS")
    (add_net "Earth")
    (add_net "Net-(BT1-Pad1)")
    (add_net "Net-(C10-Pad1)")
    (add_net "Net-(C11-Pad1)")
    (add_net "Net-(C11-Pad2)")
    (add_net "Net-(C12-Pad1)")
    (add_net "Net-(C12-Pad2)")
    (add_net "Net-(C13-Pad1)")
    (add_net "Net-(C13-Pad2)")
    (add_net "Net-(C14-Pad1)")
    (add_net "Net-(C14-Pad2)")
    (add_net "Net-(C15-Pad1)")
    (add_net "Net-(C15-Pad2)")
    (add_net "Net-(C16-Pad1)")
    (add_net "Net-(C17-Pad1)")
    (add_net "Net-(C18-Pad1)")
    (add_net "Net-(C19-Pad1)")
    (add_net "Net-(C24-Pad1)")
    (add_net "Net-(C3-Pad1)")
    (add_net "Net-(C37-Pad1)")
    (add_net "Net-(C39-Pad1)")
    (add_net "Net-(C43-Pad2)")
    (add_net "Net-(C44-Pad1)")
    (add_net "Net-(C45-Pad2)")
    (add_net "Net-(C46-Pad1)")
    (add_net "Net-(C47-Pad2)")
    (add_net "Net-(C48-Pad2)")
    (add_net "Net-(C6-Pad1)")
    (add_net "Net-(CON1-Pad1)")
    (add_net "Net-(D2-Pad1)")
    (add_net "Net-(D2-Pad2)")
    (add_net "Net-(D3-Pad1)")
    (add_net "Net-(D4-Pad1)")
    (add_net "Net-(D5-Pad1)")
    (add_net "Net-(J2-Pad2)")
    (add_net "Net-(J2-Pad3)")
    (add_net "Net-(J5-Pad3)")
    (add_net "Net-(L1-Pad2)")
    (add_net "Net-(L1-Pad3)")
    (add_net "Net-(MOD1-Pad20)")
    (add_net "Net-(MOD1-Pad21)")
    (add_net "Net-(MOD1-Pad22)")
    (add_net "Net-(MOD1-Pad25)")
    (add_net "Net-(R10-Pad2)")
    (add_net "Net-(R11-Pad2)")
    (add_net "Net-(R15-Pad1)")
    (add_net "Net-(R16-Pad1)")
    (add_net "Net-(R17-Pad1)")
    (add_net "Net-(R18-Pad1)")
    (add_net "Net-(R2-Pad2)")
    (add_net "Net-(R5-Pad2)")
    (add_net "Net-(U1-Pad25)")
    (add_net "Net-(U1-Pad26)")
    (add_net "Net-(U2-Pad14)")
    (add_net "Net-(U2-Pad16)")
    (add_net "Net-(U2-Pad20)")
    (add_net "Net-(U2-Pad21)")
    (add_net "Net-(U2-Pad22)")
    (add_net "Net-(U2-Pad23)")
    (add_net "Net-(U2-Pad24)")
    (add_net "Net-(U2-Pad25)")
    (add_net "Net-(U6-Pad2)")
    (add_net "Net-(U6-Pad29)")
    (add_net "Net-(U6-Pad52)")
    (add_net "Net-(U6-Pad53)")
    (add_net "Net-(U6-Pad54)")
  )

  (module "Embebidos_2019:C_0603_1608Metric_Pad1.05x0.95mm_HandSolder" (layer "F.Cu") (tedit 5BA2A60F) (tstamp 5CED62BF)
    (at 91.948 76.2 90)
    (descr "Capacitor SMD 0603 (1608 Metric), square (rectangular) end terminal, IPC_7351 nominal with elongated pad for handsoldering. (Body size source: http://www.tortai-tech.com/upload/download/2011102023233369053.pdf), generated with kicad-footprint-generator")
    (tags "capacitor handsolder")
    (path "/5CE920EB/5CEF8DF4")
    (attr smd)
    (fp_text reference "C58" (at 0 -1.43 90) (layer "F.SilkS")
      (effects (font (size 1 1) (thickness 0.15)))
    )
    (fp_text value "100 nF" (at 0 1.43 90) (layer "F.Fab")
      (effects (font (size 1 1) (thickness 0.15)))
    )
    (fp_text user "%R" (at 0 0 90) (layer "F.Fab")
      (effects (font (size 0.4 0.4) (thickness 0.06)))
    )
    (fp_line (start 1.65 0.73) (end -1.65 0.73) (layer "F.CrtYd") (width 0.05))
    (fp_line (start 1.65 -0.73) (end 1.65 0.73) (layer "F.CrtYd") (width 0.05))
    (fp_line (start -1.65 -0.73) (end 1.65 -0.73) (layer "F.CrtYd") (width 0.05))
    (fp_line (start -1.65 0.73) (end -1.65 -0.73) (layer "F.CrtYd") (width 0.05))
    (fp_line (start -0.171267 0.51) (end 0.171267 0.51) (layer "F.SilkS") (width 0.12))
    (fp_line (start -0.171267 -0.51) (end 0.171267 -0.51) (layer "F.SilkS") (width 0.12))
    (fp_line (start 0.8 0.4) (end -0.8 0.4) (layer "F.Fab") (width 0.1))
    (fp_line (start 0.8 -0.4) (end 0.8 0.4) (layer "F.Fab") (width 0.1))
    (fp_line (start -0.8 -0.4) (end 0.8 -0.4) (layer "F.Fab") (width 0.1))
    (fp_line (start -0.8 0.4) (end -0.8 -0.4) (layer "F.Fab") (width 0.1))
    (pad "2" smd roundrect (at 0.875 0 90) (size 1.05 0.95) (layers "F.Cu" "F.Paste" "F.Mask") (roundrect_rratio 0.25)
      (net 8 "+3.3V_MCU"))
    (pad "1" smd roundrect (at -0.875 0 90) (size 1.05 0.95) (layers "F.Cu" "F.Paste" "F.Mask") (roundrect_rratio 0.25)
      (net 2 "Earth"))
    (model "${KIPRJMOD}/3d/cap-0603-SMD.wrl"
      (at (xyz 0 0 0))
      (scale (xyz 1 1 1))
      (rotate (xyz 0 0 0))
    )
  )

  (module "Embebidos_2019:C_0603_1608Metric_Pad1.05x0.95mm_HandSolder" (layer "F.Cu") (tedit 5BA2A60F) (tstamp 5CED62AE)
    (at 97.536 74.168)
    (descr "Capacitor SMD 0603 (1608 Metric), square (rectangular) end terminal, IPC_7351 nominal with elongated pad for handsoldering. (Body size source: http://www.tortai-tech.com/upload/download/2011102023233369053.pdf), generated with kicad-footprint-generator")
    (tags "capacitor handsolder")
    (path "/5CE920EB/5CEFA383")
    (attr smd)
    (fp_text reference "C57" (at 0 -1.43) (layer "F.SilkS")
      (effects (font (size 1 1) (thickness 0.15)))
    )
    (fp_text value "100 nF" (at 0 1.43) (layer "F.Fab")
      (effects (font (size 1 1) (thickness 0.15)))
    )
    (fp_text user "%R" (at 0 0) (layer "F.Fab")
      (effects (font (size 0.4 0.4) (thickness 0.06)))
    )
    (fp_line (start 1.65 0.73) (end -1.65 0.73) (layer "F.CrtYd") (width 0.05))
    (fp_line (start 1.65 -0.73) (end 1.65 0.73) (layer "F.CrtYd") (width 0.05))
    (fp_line (start -1.65 -0.73) (end 1.65 -0.73) (layer "F.CrtYd") (width 0.05))
    (fp_line (start -1.65 0.73) (end -1.65 -0.73) (layer "F.CrtYd") (width 0.05))
    (fp_line (start -0.171267 0.51) (end 0.171267 0.51) (layer "F.SilkS") (width 0.12))
    (fp_line (start -0.171267 -0.51) (end 0.171267 -0.51) (layer "F.SilkS") (width 0.12))
    (fp_line (start 0.8 0.4) (end -0.8 0.4) (layer "F.Fab") (width 0.1))
    (fp_line (start 0.8 -0.4) (end 0.8 0.4) (layer "F.Fab") (width 0.1))
    (fp_line (start -0.8 -0.4) (end 0.8 -0.4) (layer "F.Fab") (width 0.1))
    (fp_line (start -0.8 0.4) (end -0.8 -0.4) (layer "F.Fab") (width 0.1))
    (pad "2" smd roundrect (at 0.875 0) (size 1.05 0.95) (layers "F.Cu" "F.Paste" "F.Mask") (roundrect_rratio 0.25)
      (net 8 "+3.3V_MCU"))
    (pad "1" smd roundrect (at -0.875 0) (size 1.05 0.95) (layers "F.Cu" "F.Paste" "F.Mask") (roundrect_rratio 0.25)
      (net 2 "Earth"))
    (model "${KIPRJMOD}/3d/cap-0603-SMD.wrl"
      (at (xyz 0 0 0))
      (scale (xyz 1 1 1))
      (rotate (xyz 0 0 0))
    )
  )

  (module "Embebidos_2019:C_0603_1608Metric_Pad1.05x0.95mm_HandSolder" (layer "F.Cu") (tedit 5BA2A60F) (tstamp 5CECB3C4)
    (at 84.215 33.655)
    (descr "Capacitor SMD 0603 (1608 Metric), square (rectangular) end terminal, IPC_7351 nominal with elongated pad for handsoldering. (Body size source: http://www.tortai-tech.com/upload/download/2011102023233369053.pdf), generated with kicad-footprint-generator")
    (tags "capacitor handsolder")
    (path "/5CE6DB76/5CE9F071")
    (attr smd)
    (fp_text reference "C41" (at 0 -1.43) (layer "F.SilkS")
      (effects (font (size 1 1) (thickness 0.15)))
    )
    (fp_text value "10uF" (at 0 1.43) (layer "F.Fab")
      (effects (font (size 1 1) (thickness 0.15)))
    )
    (fp_text user "%R" (at 0 0) (layer "F.Fab")
      (effects (font (size 0.4 0.4) (thickness 0.06)))
    )
    (fp_line (start 1.65 0.73) (end -1.65 0.73) (layer "F.CrtYd") (width 0.05))
    (fp_line (start 1.65 -0.73) (end 1.65 0.73) (layer "F.CrtYd") (width 0.05))
    (fp_line (start -1.65 -0.73) (end 1.65 -0.73) (layer "F.CrtYd") (width 0.05))
    (fp_line (start -1.65 0.73) (end -1.65 -0.73) (layer "F.CrtYd") (width 0.05))
    (fp_line (start -0.171267 0.51) (end 0.171267 0.51) (layer "F.SilkS") (width 0.12))
    (fp_line (start -0.171267 -0.51) (end 0.171267 -0.51) (layer "F.SilkS") (width 0.12))
    (fp_line (start 0.8 0.4) (end -0.8 0.4) (layer "F.Fab") (width 0.1))
    (fp_line (start 0.8 -0.4) (end 0.8 0.4) (layer "F.Fab") (width 0.1))
    (fp_line (start -0.8 -0.4) (end 0.8 -0.4) (layer "F.Fab") (width 0.1))
    (fp_line (start -0.8 0.4) (end -0.8 -0.4) (layer "F.Fab") (width 0.1))
    (pad "2" smd roundrect (at 0.875 0) (size 1.05 0.95) (layers "F.Cu" "F.Paste" "F.Mask") (roundrect_rratio 0.25)
      (net 2 "Earth"))
    (pad "1" smd roundrect (at -0.875 0) (size 1.05 0.95) (layers "F.Cu" "F.Paste" "F.Mask") (roundrect_rratio 0.25)
      (net 5 "/ADS1292R/AVDD"))
    (model "${KIPRJMOD}/3d/cap-0603-SMD.wrl"
      (at (xyz 0 0 0))
      (scale (xyz 1 1 1))
      (rotate (xyz 0 0 0))
    )
  )

  (module "Embebidos_2019:C_0603_1608Metric_Pad1.05x0.95mm_HandSolder" (layer "F.Cu") (tedit 5BA2A60F) (tstamp 5CECB3B3)
    (at 53.975 40.005)
    (descr "Capacitor SMD 0603 (1608 Metric), square (rectangular) end terminal, IPC_7351 nominal with elongated pad for handsoldering. (Body size source: http://www.tortai-tech.com/upload/download/2011102023233369053.pdf), generated with kicad-footprint-generator")
    (tags "capacitor handsolder")
    (path "/5CE6DB76/5CE9B639")
    (attr smd)
    (fp_text reference "C40" (at 0 -1.43) (layer "F.SilkS")
      (effects (font (size 1 1) (thickness 0.15)))
    )
    (fp_text value "10uF" (at 0 1.43) (layer "F.Fab")
      (effects (font (size 1 1) (thickness 0.15)))
    )
    (fp_text user "%R" (at 0 0) (layer "F.Fab")
      (effects (font (size 0.4 0.4) (thickness 0.06)))
    )
    (fp_line (start 1.65 0.73) (end -1.65 0.73) (layer "F.CrtYd") (width 0.05))
    (fp_line (start 1.65 -0.73) (end 1.65 0.73) (layer "F.CrtYd") (width 0.05))
    (fp_line (start -1.65 -0.73) (end 1.65 -0.73) (layer "F.CrtYd") (width 0.05))
    (fp_line (start -1.65 0.73) (end -1.65 -0.73) (layer "F.CrtYd") (width 0.05))
    (fp_line (start -0.171267 0.51) (end 0.171267 0.51) (layer "F.SilkS") (width 0.12))
    (fp_line (start -0.171267 -0.51) (end 0.171267 -0.51) (layer "F.SilkS") (width 0.12))
    (fp_line (start 0.8 0.4) (end -0.8 0.4) (layer "F.Fab") (width 0.1))
    (fp_line (start 0.8 -0.4) (end 0.8 0.4) (layer "F.Fab") (width 0.1))
    (fp_line (start -0.8 -0.4) (end 0.8 -0.4) (layer "F.Fab") (width 0.1))
    (fp_line (start -0.8 0.4) (end -0.8 -0.4) (layer "F.Fab") (width 0.1))
    (pad "2" smd roundrect (at 0.875 0) (size 1.05 0.95) (layers "F.Cu" "F.Paste" "F.Mask") (roundrect_rratio 0.25)
      (net 2 "Earth"))
    (pad "1" smd roundrect (at -0.875 0) (size 1.05 0.95) (layers "F.Cu" "F.Paste" "F.Mask") (roundrect_rratio 0.25)
      (net 108 "Net-(C39-Pad1)"))
    (model "${KIPRJMOD}/3d/cap-0603-SMD.wrl"
      (at (xyz 0 0 0))
      (scale (xyz 1 1 1))
      (rotate (xyz 0 0 0))
    )
  )

  (module "Embebidos_2019:C_0603_1608Metric_Pad1.05x0.95mm_HandSolder" (layer "F.Cu") (tedit 5BA2A60F) (tstamp 5CECB3A2)
    (at 86.995 38.1)
    (descr "Capacitor SMD 0603 (1608 Metric), square (rectangular) end terminal, IPC_7351 nominal with elongated pad for handsoldering. (Body size source: http://www.tortai-tech.com/upload/download/2011102023233369053.pdf), generated with kicad-footprint-generator")
    (tags "capacitor handsolder")
    (path "/5CE6DB76/5CE9A74F")
    (attr smd)
    (fp_text reference "C39" (at 0 -1.43) (layer "F.SilkS")
      (effects (font (size 1 1) (thickness 0.15)))
    )
    (fp_text value "2.2uF" (at 0 1.43) (layer "F.Fab")
      (effects (font (size 1 1) (thickness 0.15)))
    )
    (fp_text user "%R" (at 0 0) (layer "F.Fab")
      (effects (font (size 0.4 0.4) (thickness 0.06)))
    )
    (fp_line (start 1.65 0.73) (end -1.65 0.73) (layer "F.CrtYd") (width 0.05))
    (fp_line (start 1.65 -0.73) (end 1.65 0.73) (layer "F.CrtYd") (width 0.05))
    (fp_line (start -1.65 -0.73) (end 1.65 -0.73) (layer "F.CrtYd") (width 0.05))
    (fp_line (start -1.65 0.73) (end -1.65 -0.73) (layer "F.CrtYd") (width 0.05))
    (fp_line (start -0.171267 0.51) (end 0.171267 0.51) (layer "F.SilkS") (width 0.12))
    (fp_line (start -0.171267 -0.51) (end 0.171267 -0.51) (layer "F.SilkS") (width 0.12))
    (fp_line (start 0.8 0.4) (end -0.8 0.4) (layer "F.Fab") (width 0.1))
    (fp_line (start 0.8 -0.4) (end 0.8 0.4) (layer "F.Fab") (width 0.1))
    (fp_line (start -0.8 -0.4) (end 0.8 -0.4) (layer "F.Fab") (width 0.1))
    (fp_line (start -0.8 0.4) (end -0.8 -0.4) (layer "F.Fab") (width 0.1))
    (pad "2" smd roundrect (at 0.875 0) (size 1.05 0.95) (layers "F.Cu" "F.Paste" "F.Mask") (roundrect_rratio 0.25)
      (net 2 "Earth"))
    (pad "1" smd roundrect (at -0.875 0) (size 1.05 0.95) (layers "F.Cu" "F.Paste" "F.Mask") (roundrect_rratio 0.25)
      (net 108 "Net-(C39-Pad1)"))
    (model "${KIPRJMOD}/3d/cap-0603-SMD.wrl"
      (at (xyz 0 0 0))
      (scale (xyz 1 1 1))
      (rotate (xyz 0 0 0))
    )
  )

  (module "Embebidos_2019:C_0603_1608Metric_Pad1.05x0.95mm_HandSolder" (layer "F.Cu") (tedit 5BA2A60F) (tstamp 5CECB380)
    (at 81.28 51.435 180)
    (descr "Capacitor SMD 0603 (1608 Metric), square (rectangular) end terminal, IPC_7351 nominal with elongated pad for handsoldering. (Body size source: http://www.tortai-tech.com/upload/download/2011102023233369053.pdf), generated with kicad-footprint-generator")
    (tags "capacitor handsolder")
    (path "/5CE6DB76/5CE992B3")
    (attr smd)
    (fp_text reference "C37" (at 0 -1.43) (layer "F.SilkS")
      (effects (font (size 1 1) (thickness 0.15)))
    )
    (fp_text value "0.01uF" (at 0 1.43) (layer "F.Fab")
      (effects (font (size 1 1) (thickness 0.15)))
    )
    (fp_text user "%R" (at 0 0) (layer "F.Fab")
      (effects (font (size 0.4 0.4) (thickness 0.06)))
    )
    (fp_line (start 1.65 0.73) (end -1.65 0.73) (layer "F.CrtYd") (width 0.05))
    (fp_line (start 1.65 -0.73) (end 1.65 0.73) (layer "F.CrtYd") (width 0.05))
    (fp_line (start -1.65 -0.73) (end 1.65 -0.73) (layer "F.CrtYd") (width 0.05))
    (fp_line (start -1.65 0.73) (end -1.65 -0.73) (layer "F.CrtYd") (width 0.05))
    (fp_line (start -0.171267 0.51) (end 0.171267 0.51) (layer "F.SilkS") (width 0.12))
    (fp_line (start -0.171267 -0.51) (end 0.171267 -0.51) (layer "F.SilkS") (width 0.12))
    (fp_line (start 0.8 0.4) (end -0.8 0.4) (layer "F.Fab") (width 0.1))
    (fp_line (start 0.8 -0.4) (end 0.8 0.4) (layer "F.Fab") (width 0.1))
    (fp_line (start -0.8 -0.4) (end 0.8 -0.4) (layer "F.Fab") (width 0.1))
    (fp_line (start -0.8 0.4) (end -0.8 -0.4) (layer "F.Fab") (width 0.1))
    (pad "2" smd roundrect (at 0.875 0 180) (size 1.05 0.95) (layers "F.Cu" "F.Paste" "F.Mask") (roundrect_rratio 0.25)
      (net 2 "Earth"))
    (pad "1" smd roundrect (at -0.875 0 180) (size 1.05 0.95) (layers "F.Cu" "F.Paste" "F.Mask") (roundrect_rratio 0.25)
      (net 107 "Net-(C37-Pad1)"))
    (model "${KIPRJMOD}/3d/cap-0603-SMD.wrl"
      (at (xyz 0 0 0))
      (scale (xyz 1 1 1))
      (rotate (xyz 0 0 0))
    )
  )

  (module "Embebidos_2019:C_1206_3216Metric_Pad1.42x1.75mm_HandSolder" (layer "F.Cu") (tedit 5B301BBE) (tstamp 5CECB2D6)
    (at 71.755 43.815 90)
    (descr "Capacitor SMD 1206 (3216 Metric), square (rectangular) end terminal, IPC_7351 nominal with elongated pad for handsoldering. (Body size source: http://www.tortai-tech.com/upload/download/2011102023233369053.pdf), generated with kicad-footprint-generator")
    (tags "capacitor handsolder")
    (path "/5CE6DB76/5CE79C9B")
    (attr smd)
    (fp_text reference "C27" (at 0 -1.82 90) (layer "F.SilkS")
      (effects (font (size 1 1) (thickness 0.15)))
    )
    (fp_text value "10uF" (at 0 1.82 90) (layer "F.Fab")
      (effects (font (size 1 1) (thickness 0.15)))
    )
    (fp_text user "%R" (at 0 0 90) (layer "F.Fab")
      (effects (font (size 0.8 0.8) (thickness 0.12)))
    )
    (fp_line (start 2.45 1.12) (end -2.45 1.12) (layer "F.CrtYd") (width 0.05))
    (fp_line (start 2.45 -1.12) (end 2.45 1.12) (layer "F.CrtYd") (width 0.05))
    (fp_line (start -2.45 -1.12) (end 2.45 -1.12) (layer "F.CrtYd") (width 0.05))
    (fp_line (start -2.45 1.12) (end -2.45 -1.12) (layer "F.CrtYd") (width 0.05))
    (fp_line (start -0.602064 0.91) (end 0.602064 0.91) (layer "F.SilkS") (width 0.12))
    (fp_line (start -0.602064 -0.91) (end 0.602064 -0.91) (layer "F.SilkS") (width 0.12))
    (fp_line (start 1.6 0.8) (end -1.6 0.8) (layer "F.Fab") (width 0.1))
    (fp_line (start 1.6 -0.8) (end 1.6 0.8) (layer "F.Fab") (width 0.1))
    (fp_line (start -1.6 -0.8) (end 1.6 -0.8) (layer "F.Fab") (width 0.1))
    (fp_line (start -1.6 0.8) (end -1.6 -0.8) (layer "F.Fab") (width 0.1))
    (pad "2" smd roundrect (at 1.4875 0 90) (size 1.425 1.75) (layers "F.Cu" "F.Paste" "F.Mask") (roundrect_rratio 0.175439)
      (net 2 "Earth"))
    (pad "1" smd roundrect (at -1.4875 0 90) (size 1.425 1.75) (layers "F.Cu" "F.Paste" "F.Mask") (roundrect_rratio 0.175439)
      (net 10 "+5V"))
    (model "${KISYS3DMOD}/Capacitor_SMD.3dshapes/C_1206_3216Metric.wrl"
      (at (xyz 0 0 0))
      (scale (xyz 1 1 1))
      (rotate (xyz 0 0 0))
    )
  )

  (module "Embebidos_2019:BAT-HLD-001" (layer "F.Cu") (tedit 0) (tstamp 5CECB10B)
    (at 99.695 111.76)
    (path "/5CE91FF9/5CDADEB4")
    (fp_text reference "BT1" (at 0 0) (layer "F.SilkS")
      (effects (font (size 1 1) (thickness 0.15)))
    )
    (fp_text value "Battery_Cell" (at 0 0) (layer "F.SilkS")
      (effects (font (size 1 1) (thickness 0.15)))
    )
    (fp_text user "Copyright 2016 Accelerated Designs. All rights reserved." (at 0 0) (layer "Cmts.User")
      (effects (font (size 0.127 0.127) (thickness 0.002)))
    )
    (fp_text user "*" (at 0 0) (layer "F.SilkS")
      (effects (font (size 1 1) (thickness 0.15)))
    )
    (fp_text user "*" (at 0 0) (layer "F.Fab")
      (effects (font (size 1 1) (thickness 0.15)))
    )
    (fp_line (start -10.541 7.747) (end 10.541 7.747) (layer "F.SilkS") (width 0.1524))
    (fp_line (start 10.541 7.747) (end 10.541 2.87274) (layer "F.SilkS") (width 0.1524))
    (fp_line (start 10.541 -7.747) (end -10.541 -7.747) (layer "F.SilkS") (width 0.1524))
    (fp_line (start -10.541 -7.747) (end -10.541 -2.87274) (layer "F.SilkS") (width 0.1524))
    (fp_line (start -10.541 7.747) (end 10.541 7.747) (layer "F.Fab") (width 0.1524))
    (fp_line (start 10.541 7.747) (end 10.541 -7.747) (layer "F.Fab") (width 0.1524))
    (fp_line (start 10.541 -7.747) (end -10.541 -7.747) (layer "F.Fab") (width 0.1524))
    (fp_line (start -10.541 -7.747) (end -10.541 7.747) (layer "F.Fab") (width 0.1524))
    (fp_line (start -10.541 2.87274) (end -10.541 7.747) (layer "F.SilkS") (width 0.1524))
    (fp_line (start 10.541 -2.87274) (end 10.541 -7.747) (layer "F.SilkS") (width 0.1524))
    (fp_line (start -12.954 9.1948) (end -12.954 -9.1948) (layer "F.CrtYd") (width 0.1524))
    (fp_line (start -12.954 -9.1948) (end 12.954 -9.1948) (layer "F.CrtYd") (width 0.1524))
    (fp_line (start 12.954 -9.1948) (end 12.954 9.1948) (layer "F.CrtYd") (width 0.1524))
    (fp_line (start 12.954 9.1948) (end -12.954 9.1948) (layer "F.CrtYd") (width 0.1524))
    (fp_circle (center -13.462 0) (end -13.3858 0) (layer "F.Fab") (width 0.1524))
    (fp_circle (center -13.462 0) (end -13.3858 0) (layer "F.SilkS") (width 0.1524))
    (pad "1" smd rect (at -11.43 -0.127) (size 2.54 5.08) (layers "F.Cu" "F.Paste" "F.Mask")
      (net 1 "Net-(BT1-Pad1)"))
    (pad "3" smd rect (at 11.43 -0.127) (size 2.54 5.08) (layers "F.Cu" "F.Paste" "F.Mask")
      (net 1 "Net-(BT1-Pad1)"))
    (pad "2" smd circle (at 0 0) (size 17.780001 17.780001) (layers "F.Cu" "F.Paste" "F.Mask")
      (net 2 "Earth"))
  )

  (module "Capacitor_SMD:C_0603_1608Metric_Pad1.05x0.95mm_HandSolder" (layer "F.Cu") (tedit 5B301BBE) (tstamp 5CECB11C)
    (at 100.965 44.45 90)
    (descr "Capacitor SMD 0603 (1608 Metric), square (rectangular) end terminal, IPC_7351 nominal with elongated pad for handsoldering. (Body size source: http://www.tortai-tech.com/upload/download/2011102023233369053.pdf), generated with kicad-footprint-generator")
    (tags "capacitor handsolder")
    (path "/5CE92113/5CE6F8A5")
    (attr smd)
    (fp_text reference "C1" (at 0 -1.43 90) (layer "F.SilkS")
      (effects (font (size 1 1) (thickness 0.15)))
    )
    (fp_text value "0.1 uF" (at 0 1.43 90) (layer "F.Fab")
      (effects (font (size 1 1) (thickness 0.15)))
    )
    (fp_line (start -0.8 0.4) (end -0.8 -0.4) (layer "F.Fab") (width 0.1))
    (fp_line (start -0.8 -0.4) (end 0.8 -0.4) (layer "F.Fab") (width 0.1))
    (fp_line (start 0.8 -0.4) (end 0.8 0.4) (layer "F.Fab") (width 0.1))
    (fp_line (start 0.8 0.4) (end -0.8 0.4) (layer "F.Fab") (width 0.1))
    (fp_line (start -0.171267 -0.51) (end 0.171267 -0.51) (layer "F.SilkS") (width 0.12))
    (fp_line (start -0.171267 0.51) (end 0.171267 0.51) (layer "F.SilkS") (width 0.12))
    (fp_line (start -1.65 0.73) (end -1.65 -0.73) (layer "F.CrtYd") (width 0.05))
    (fp_line (start -1.65 -0.73) (end 1.65 -0.73) (layer "F.CrtYd") (width 0.05))
    (fp_line (start 1.65 -0.73) (end 1.65 0.73) (layer "F.CrtYd") (width 0.05))
    (fp_line (start 1.65 0.73) (end -1.65 0.73) (layer "F.CrtYd") (width 0.05))
    (fp_text user "%R" (at 0 0 90) (layer "F.Fab")
      (effects (font (size 0.4 0.4) (thickness 0.06)))
    )
    (pad "1" smd roundrect (at -0.875 0 90) (size 1.05 0.95) (layers "F.Cu" "F.Paste" "F.Mask") (roundrect_rratio 0.25)
      (net 3 "/ADS1292R/DVDD"))
    (pad "2" smd roundrect (at 0.875 0 90) (size 1.05 0.95) (layers "F.Cu" "F.Paste" "F.Mask") (roundrect_rratio 0.25)
      (net 2 "Earth"))
    (model "${KISYS3DMOD}/Capacitor_SMD.3dshapes/C_0603_1608Metric.wrl"
      (at (xyz 0 0 0))
      (scale (xyz 1 1 1))
      (rotate (xyz 0 0 0))
    )
  )

  (module "Capacitor_SMD:C_0603_1608Metric_Pad1.05x0.95mm_HandSolder" (layer "F.Cu") (tedit 5B301BBE) (tstamp 5CECB12D)
    (at 105.41 44.45 90)
    (descr "Capacitor SMD 0603 (1608 Metric), square (rectangular) end terminal, IPC_7351 nominal with elongated pad for handsoldering. (Body size source: http://www.tortai-tech.com/upload/download/2011102023233369053.pdf), generated with kicad-footprint-generator")
    (tags "capacitor handsolder")
    (path "/5CE92113/5CE6F89B")
    (attr smd)
    (fp_text reference "C2" (at 0 -1.43 90) (layer "F.SilkS")
      (effects (font (size 1 1) (thickness 0.15)))
    )
    (fp_text value "1 uF" (at 0 1.43 90) (layer "F.Fab")
      (effects (font (size 1 1) (thickness 0.15)))
    )
    (fp_text user "%R" (at 0 0 90) (layer "F.Fab")
      (effects (font (size 0.4 0.4) (thickness 0.06)))
    )
    (fp_line (start 1.65 0.73) (end -1.65 0.73) (layer "F.CrtYd") (width 0.05))
    (fp_line (start 1.65 -0.73) (end 1.65 0.73) (layer "F.CrtYd") (width 0.05))
    (fp_line (start -1.65 -0.73) (end 1.65 -0.73) (layer "F.CrtYd") (width 0.05))
    (fp_line (start -1.65 0.73) (end -1.65 -0.73) (layer "F.CrtYd") (width 0.05))
    (fp_line (start -0.171267 0.51) (end 0.171267 0.51) (layer "F.SilkS") (width 0.12))
    (fp_line (start -0.171267 -0.51) (end 0.171267 -0.51) (layer "F.SilkS") (width 0.12))
    (fp_line (start 0.8 0.4) (end -0.8 0.4) (layer "F.Fab") (width 0.1))
    (fp_line (start 0.8 -0.4) (end 0.8 0.4) (layer "F.Fab") (width 0.1))
    (fp_line (start -0.8 -0.4) (end 0.8 -0.4) (layer "F.Fab") (width 0.1))
    (fp_line (start -0.8 0.4) (end -0.8 -0.4) (layer "F.Fab") (width 0.1))
    (pad "2" smd roundrect (at 0.875 0 90) (size 1.05 0.95) (layers "F.Cu" "F.Paste" "F.Mask") (roundrect_rratio 0.25)
      (net 2 "Earth"))
    (pad "1" smd roundrect (at -0.875 0 90) (size 1.05 0.95) (layers "F.Cu" "F.Paste" "F.Mask") (roundrect_rratio 0.25)
      (net 3 "/ADS1292R/DVDD"))
    (model "${KISYS3DMOD}/Capacitor_SMD.3dshapes/C_0603_1608Metric.wrl"
      (at (xyz 0 0 0))
      (scale (xyz 1 1 1))
      (rotate (xyz 0 0 0))
    )
  )

  (module "Capacitor_SMD:C_0603_1608Metric_Pad1.05x0.95mm_HandSolder" (layer "F.Cu") (tedit 5B301BBE) (tstamp 5CECB13E)
    (at 86.36 55.245)
    (descr "Capacitor SMD 0603 (1608 Metric), square (rectangular) end terminal, IPC_7351 nominal with elongated pad for handsoldering. (Body size source: http://www.tortai-tech.com/upload/download/2011102023233369053.pdf), generated with kicad-footprint-generator")
    (tags "capacitor handsolder")
    (path "/5CE92113/5CE742E0")
    (attr smd)
    (fp_text reference "C3" (at 0 -1.43) (layer "F.SilkS")
      (effects (font (size 1 1) (thickness 0.15)))
    )
    (fp_text value "0.1 uF" (at 0 1.43) (layer "F.Fab")
      (effects (font (size 1 1) (thickness 0.15)))
    )
    (fp_line (start -0.8 0.4) (end -0.8 -0.4) (layer "F.Fab") (width 0.1))
    (fp_line (start -0.8 -0.4) (end 0.8 -0.4) (layer "F.Fab") (width 0.1))
    (fp_line (start 0.8 -0.4) (end 0.8 0.4) (layer "F.Fab") (width 0.1))
    (fp_line (start 0.8 0.4) (end -0.8 0.4) (layer "F.Fab") (width 0.1))
    (fp_line (start -0.171267 -0.51) (end 0.171267 -0.51) (layer "F.SilkS") (width 0.12))
    (fp_line (start -0.171267 0.51) (end 0.171267 0.51) (layer "F.SilkS") (width 0.12))
    (fp_line (start -1.65 0.73) (end -1.65 -0.73) (layer "F.CrtYd") (width 0.05))
    (fp_line (start -1.65 -0.73) (end 1.65 -0.73) (layer "F.CrtYd") (width 0.05))
    (fp_line (start 1.65 -0.73) (end 1.65 0.73) (layer "F.CrtYd") (width 0.05))
    (fp_line (start 1.65 0.73) (end -1.65 0.73) (layer "F.CrtYd") (width 0.05))
    (fp_text user "%R" (at 0 0) (layer "F.Fab")
      (effects (font (size 0.4 0.4) (thickness 0.06)))
    )
    (pad "1" smd roundrect (at -0.875 0) (size 1.05 0.95) (layers "F.Cu" "F.Paste" "F.Mask") (roundrect_rratio 0.25)
      (net 89 "Net-(C3-Pad1)"))
    (pad "2" smd roundrect (at 0.875 0) (size 1.05 0.95) (layers "F.Cu" "F.Paste" "F.Mask") (roundrect_rratio 0.25)
      (net 4 "/SUPPLY/AVSS"))
    (model "${KISYS3DMOD}/Capacitor_SMD.3dshapes/C_0603_1608Metric.wrl"
      (at (xyz 0 0 0))
      (scale (xyz 1 1 1))
      (rotate (xyz 0 0 0))
    )
  )

  (module "Capacitor_SMD:C_0603_1608Metric_Pad1.05x0.95mm_HandSolder" (layer "F.Cu") (tedit 5B301BBE) (tstamp 5CECB14F)
    (at 92.71 55.245)
    (descr "Capacitor SMD 0603 (1608 Metric), square (rectangular) end terminal, IPC_7351 nominal with elongated pad for handsoldering. (Body size source: http://www.tortai-tech.com/upload/download/2011102023233369053.pdf), generated with kicad-footprint-generator")
    (tags "capacitor handsolder")
    (path "/5CE92113/5CE65554")
    (attr smd)
    (fp_text reference "C4" (at 0 -1.43) (layer "F.SilkS")
      (effects (font (size 1 1) (thickness 0.15)))
    )
    (fp_text value "0.1 uF" (at 0 1.43) (layer "F.Fab")
      (effects (font (size 1 1) (thickness 0.15)))
    )
    (fp_line (start -0.8 0.4) (end -0.8 -0.4) (layer "F.Fab") (width 0.1))
    (fp_line (start -0.8 -0.4) (end 0.8 -0.4) (layer "F.Fab") (width 0.1))
    (fp_line (start 0.8 -0.4) (end 0.8 0.4) (layer "F.Fab") (width 0.1))
    (fp_line (start 0.8 0.4) (end -0.8 0.4) (layer "F.Fab") (width 0.1))
    (fp_line (start -0.171267 -0.51) (end 0.171267 -0.51) (layer "F.SilkS") (width 0.12))
    (fp_line (start -0.171267 0.51) (end 0.171267 0.51) (layer "F.SilkS") (width 0.12))
    (fp_line (start -1.65 0.73) (end -1.65 -0.73) (layer "F.CrtYd") (width 0.05))
    (fp_line (start -1.65 -0.73) (end 1.65 -0.73) (layer "F.CrtYd") (width 0.05))
    (fp_line (start 1.65 -0.73) (end 1.65 0.73) (layer "F.CrtYd") (width 0.05))
    (fp_line (start 1.65 0.73) (end -1.65 0.73) (layer "F.CrtYd") (width 0.05))
    (fp_text user "%R" (at 0 0) (layer "F.Fab")
      (effects (font (size 0.4 0.4) (thickness 0.06)))
    )
    (pad "1" smd roundrect (at -0.875 0) (size 1.05 0.95) (layers "F.Cu" "F.Paste" "F.Mask") (roundrect_rratio 0.25)
      (net 5 "/ADS1292R/AVDD"))
    (pad "2" smd roundrect (at 0.875 0) (size 1.05 0.95) (layers "F.Cu" "F.Paste" "F.Mask") (roundrect_rratio 0.25)
      (net 4 "/SUPPLY/AVSS"))
    (model "${KISYS3DMOD}/Capacitor_SMD.3dshapes/C_0603_1608Metric.wrl"
      (at (xyz 0 0 0))
      (scale (xyz 1 1 1))
      (rotate (xyz 0 0 0))
    )
  )

  (module "Capacitor_SMD:C_0603_1608Metric_Pad1.05x0.95mm_HandSolder" (layer "F.Cu") (tedit 5B301BBE) (tstamp 5CECB160)
    (at 100.965 48.26 90)
    (descr "Capacitor SMD 0603 (1608 Metric), square (rectangular) end terminal, IPC_7351 nominal with elongated pad for handsoldering. (Body size source: http://www.tortai-tech.com/upload/download/2011102023233369053.pdf), generated with kicad-footprint-generator")
    (tags "capacitor handsolder")
    (path "/5CE92113/5CE6B0ED")
    (attr smd)
    (fp_text reference "C5" (at 0 -1.43 90) (layer "F.SilkS")
      (effects (font (size 1 1) (thickness 0.15)))
    )
    (fp_text value "0.1 uF" (at 0 1.43 90) (layer "F.Fab")
      (effects (font (size 1 1) (thickness 0.15)))
    )
    (fp_line (start -0.8 0.4) (end -0.8 -0.4) (layer "F.Fab") (width 0.1))
    (fp_line (start -0.8 -0.4) (end 0.8 -0.4) (layer "F.Fab") (width 0.1))
    (fp_line (start 0.8 -0.4) (end 0.8 0.4) (layer "F.Fab") (width 0.1))
    (fp_line (start 0.8 0.4) (end -0.8 0.4) (layer "F.Fab") (width 0.1))
    (fp_line (start -0.171267 -0.51) (end 0.171267 -0.51) (layer "F.SilkS") (width 0.12))
    (fp_line (start -0.171267 0.51) (end 0.171267 0.51) (layer "F.SilkS") (width 0.12))
    (fp_line (start -1.65 0.73) (end -1.65 -0.73) (layer "F.CrtYd") (width 0.05))
    (fp_line (start -1.65 -0.73) (end 1.65 -0.73) (layer "F.CrtYd") (width 0.05))
    (fp_line (start 1.65 -0.73) (end 1.65 0.73) (layer "F.CrtYd") (width 0.05))
    (fp_line (start 1.65 0.73) (end -1.65 0.73) (layer "F.CrtYd") (width 0.05))
    (fp_text user "%R" (at 0 0 90) (layer "F.Fab")
      (effects (font (size 0.4 0.4) (thickness 0.06)))
    )
    (pad "1" smd roundrect (at -0.875 0 90) (size 1.05 0.95) (layers "F.Cu" "F.Paste" "F.Mask") (roundrect_rratio 0.25)
      (net 3 "/ADS1292R/DVDD"))
    (pad "2" smd roundrect (at 0.875 0 90) (size 1.05 0.95) (layers "F.Cu" "F.Paste" "F.Mask") (roundrect_rratio 0.25)
      (net 2 "Earth"))
    (model "${KISYS3DMOD}/Capacitor_SMD.3dshapes/C_0603_1608Metric.wrl"
      (at (xyz 0 0 0))
      (scale (xyz 1 1 1))
      (rotate (xyz 0 0 0))
    )
  )

  (module "Capacitor_SMD:C_0603_1608Metric_Pad1.05x0.95mm_HandSolder" (layer "F.Cu") (tedit 5B301BBE) (tstamp 5CECB171)
    (at 99.06 55.88)
    (descr "Capacitor SMD 0603 (1608 Metric), square (rectangular) end terminal, IPC_7351 nominal with elongated pad for handsoldering. (Body size source: http://www.tortai-tech.com/upload/download/2011102023233369053.pdf), generated with kicad-footprint-generator")
    (tags "capacitor handsolder")
    (path "/5CE92113/5CE64A96")
    (attr smd)
    (fp_text reference "C6" (at 0 -1.43) (layer "F.SilkS")
      (effects (font (size 1 1) (thickness 0.15)))
    )
    (fp_text value "1 uF" (at 0 1.43) (layer "F.Fab")
      (effects (font (size 1 1) (thickness 0.15)))
    )
    (fp_line (start -0.8 0.4) (end -0.8 -0.4) (layer "F.Fab") (width 0.1))
    (fp_line (start -0.8 -0.4) (end 0.8 -0.4) (layer "F.Fab") (width 0.1))
    (fp_line (start 0.8 -0.4) (end 0.8 0.4) (layer "F.Fab") (width 0.1))
    (fp_line (start 0.8 0.4) (end -0.8 0.4) (layer "F.Fab") (width 0.1))
    (fp_line (start -0.171267 -0.51) (end 0.171267 -0.51) (layer "F.SilkS") (width 0.12))
    (fp_line (start -0.171267 0.51) (end 0.171267 0.51) (layer "F.SilkS") (width 0.12))
    (fp_line (start -1.65 0.73) (end -1.65 -0.73) (layer "F.CrtYd") (width 0.05))
    (fp_line (start -1.65 -0.73) (end 1.65 -0.73) (layer "F.CrtYd") (width 0.05))
    (fp_line (start 1.65 -0.73) (end 1.65 0.73) (layer "F.CrtYd") (width 0.05))
    (fp_line (start 1.65 0.73) (end -1.65 0.73) (layer "F.CrtYd") (width 0.05))
    (fp_text user "%R" (at 0 0) (layer "F.Fab")
      (effects (font (size 0.4 0.4) (thickness 0.06)))
    )
